10001  1701580187
11111

10001  1701580194
11111

10001  1701580194
11111

10001  1701580195
11111

10001  1701580195
11111

10001  1701580197
2222222

10001  1701580198
2222222

10001  1701580198
2222222

10001  1701580198
2222222

10001  1701580198
2222222

10001  1701580206
2222222

10001  1701580206
2222222

10001  1701580208
2222222

10001  1701580570
11111

10001  1701580571
11111

10001  1701580571
11111

10001  1701580571
11111

10001  1701580571
11111

10001  1701580571
11111

10001  1701580571
11111

10001  1701580572
11111

10001  1701580572
11111

10001  1701580572
11111

10001  1701580572
11111

10001  1701580572
11111

10001  1701580577
11111

10001  1701580577
11111

10001  1701580577
11111

10001  1701580578
11111

10001  1701580578
11111

10001  1701580578
11111

10001  1701580580
2222

10001  1701580581
2222

10001  1701580581
2222

10001  1701580581
2222

10001  1701580581
2222

10001  1701580581
2222

10001  1701580581
2222

10001  1701580582
2222

10001  1701580585
2222

10001  1701580585
2222

10001  1701587865
11111

10001  1701587869
2222

10001  1701587871
2222

10001  1701587872
2222

10001  1701587872
2222

10001  1701587872
2222

10001  1701587872
2222

10001  1701587872
2222

10001  1701587872
2222

10001  1701587877
11111

10001  1701587877
11111

10001  1701587877
11111

10001  1701587877
11111

10001  1701587881
11111

10001  1701587881
11111

10001  1701587882
2222

10001  1701587882
2222

